0
0
0
0
0
0
0
0
0
0
0
0
0
0
0
0
0
0
0
0
0
0
0
0
0
0
0
0
0
0
0
0
0
0
0
0
0
0
0
0
0
0
0
0
0
0
0
0
0
0
0
0
0
0
0
0
0
0
0
0
0
0
0
0
0
0
9
10
0
0
0
0
0
0
0
0
0
0
0
0
0
0
0
0
0
0
8
11
0
0
0
0
0
0
0
0
0
0
0
0
0
0
0
0
0
0
0
0
0
0
0
0
0
0
0
4
2
2
2
2
0
0
0
0
0
0
0
0
0
0
0
4
2
2
2
6
9
12
12
12
0
0
4
2
2
2
2
2
2
2
2
6
9
12
12
12
1
1
1
1
0
0
3
9
12
12
12
12
12
12
12
12
14
14
1
1
1
1
1
1
0
0
3
15
1
1
1
1
1
1
1
13
0
0
15
1
1
1
1
1
0
0
3
15
1
1
1
1
1
1
1
13
0
0
15
1
1
1
18
19
0
0
3
15
1
14
14
14
14
14
14
14
12
12
1
1
1
1
17
16
0
0
3
15
13
4
2
2
2
2
2
2
5
15
1
1
1
1
1
1
0
0
3
15
13
3
0
0
0
0
0
0
3
15
1
18
19
1
1
1
0
0
3
15
13
3
0
0
0
0
0
0
3
15
1
17
16
1
1
1
0
0
3
15
13
3
0
0
0
0
0
0
3
15
1
1
1
1
1
1
0
0
3
8
11
3
0
0
0
0
0
0
3
15
1
1
1
1
1
1
0
0
7
2
2
2
2
2
2
2
2
2
6
15
1
1
1
1
1
1
0
0
0
0
0
3
9
12
12
12
12
12
12
1
1
1
1
1
1
1
2
2
2
2
2
6
15
1
1
1
1
1
1
1
1
1
1
14
14
14
0
19
19
5
